-3.00000000e+01  6.22695800e-01 
-2.50000000e+01  6.22868400e-01 
-2.00000000e+01  6.23054400e-01 
-1.50000000e+01  6.23251800e-01 
-1.00000000e+01  6.23459000e-01 
-5.00000000e+00  6.23674700e-01 
 0.00000000e+00  6.23897600e-01 
 5.00000000e+00  6.24126200e-01 
 1.00000000e+01  6.24359000e-01 
 1.50000000e+01  6.24593600e-01 
 2.00000000e+01  6.24827400e-01 
 2.50000000e+01  6.25056600e-01 
 3.00000000e+01  6.25277200e-01 
 3.50000000e+01  6.25483900e-01 
 4.00000000e+01  6.25671900e-01 
 4.50000000e+01  6.25836700e-01 
 5.00000000e+01  6.25974800e-01 
 5.50000000e+01  6.26084300e-01 
 6.00000000e+01  6.26164900e-01 
 6.50000000e+01  6.26217200e-01 
 7.00000000e+01  6.26243100e-01 
 7.50000000e+01  6.26244700e-01 
 8.00000000e+01  6.26225000e-01 
 8.50000000e+01  6.26187200e-01 
 9.00000000e+01  6.26134700e-01 
 9.50000000e+01  6.26071400e-01 
 1.00000000e+02  6.26001500e-01 
 1.05000000e+02  6.25929600e-01 
 1.10000000e+02  6.25860900e-01 
 1.15000000e+02  6.25801400e-01 
 1.20000000e+02  6.25757600e-01 
 1.25000000e+02  6.25737100e-01 
