-3.00000000e+01  1.10674086e+00 
-2.90000000e+01  1.10684753e+00 
-2.80000000e+01  1.10698781e+00 
-2.70000000e+01  1.10710326e+00 
-2.60000000e+01  1.10721585e+00 
-2.50000000e+01  1.10732586e+00 
-2.40000000e+01  1.10743334e+00 
-2.30000000e+01  1.10753832e+00 
-2.20000000e+01  1.10764080e+00 
-2.10000000e+01  1.10774079e+00 
-2.00000000e+01  1.10783831e+00 
-1.90000000e+01  1.10793337e+00 
-1.80000000e+01  1.10802599e+00 
-1.70000000e+01  1.10811617e+00 
-1.60000000e+01  1.10820394e+00 
-1.50000000e+01  1.10828930e+00 
-1.40000000e+01  1.10837228e+00 
-1.30000000e+01  1.10845289e+00 
-1.20000000e+01  1.10853115e+00 
-1.10000000e+01  1.10860708e+00 
-1.00000000e+01  1.10868068e+00 
-9.00000000e+00  1.10875199e+00 
-8.00000000e+00  1.10882103e+00 
-7.00000000e+00  1.10888781e+00 
-6.00000000e+00  1.10895235e+00 
-5.00000000e+00  1.10901467e+00 
-4.00000000e+00  1.10907479e+00 
-3.00000000e+00  1.10913274e+00 
-2.00000000e+00  1.10918854e+00 
-1.00000000e+00  1.10924220e+00 
 0.00000000e+00  1.10929375e+00 
 1.00000000e+00  1.10934322e+00 
 2.00000000e+00  1.10939062e+00 
 3.00000000e+00  1.10943598e+00 
 4.00000000e+00  1.10947932e+00 
 5.00000000e+00  1.10952066e+00 
 6.00000000e+00  1.10956004e+00 
 7.00000000e+00  1.10959747e+00 
 8.00000000e+00  1.10963298e+00 
 9.00000000e+00  1.10966658e+00 
 1.00000000e+01  1.10969832e+00 
 1.10000000e+01  1.10972820e+00 
 1.20000000e+01  1.10975627e+00 
 1.30000000e+01  1.10978253e+00 
 1.40000000e+01  1.10980702e+00 
 1.50000000e+01  1.10982976e+00 
 1.60000000e+01  1.10985078e+00 
 1.70000000e+01  1.10987009e+00 
 1.80000000e+01  1.10988774e+00 
 1.90000000e+01  1.10990373e+00 
 2.00000000e+01  1.10991811e+00 
 2.10000000e+01  1.10993088e+00 
 2.20000000e+01  1.10994209e+00 
 2.30000000e+01  1.10995175e+00 
 2.40000000e+01  1.10995988e+00 
 2.50000000e+01  1.10996652e+00 
 2.60000000e+01  1.10997170e+00 
 2.70000000e+01  1.10997543e+00 
 2.80000000e+01  1.10997773e+00 
 2.90000000e+01  1.10997864e+00 
 3.00000000e+01  1.10997819e+00 
 3.10000000e+01  1.10997639e+00 
 3.20000000e+01  1.10997328e+00 
 3.30000000e+01  1.10996887e+00 
 3.40000000e+01  1.10996319e+00 
 3.50000000e+01  1.10995627e+00 
 3.60000000e+01  1.10994814e+00 
 3.70000000e+01  1.10993882e+00 
 3.80000000e+01  1.10992833e+00 
 3.90000000e+01  1.10991670e+00 
 4.00000000e+01  1.10990397e+00 
 4.10000000e+01  1.10989014e+00 
 4.20000000e+01  1.10987526e+00 
 4.30000000e+01  1.10985934e+00 
 4.40000000e+01  1.10984242e+00 
 4.50000000e+01  1.10982452e+00 
 4.60000000e+01  1.10980567e+00 
 4.70000000e+01  1.10978588e+00 
 4.80000000e+01  1.10976521e+00 
 4.90000000e+01  1.10974367e+00 
 5.00000000e+01  1.10972130e+00 
 5.10000000e+01  1.10969812e+00 
 5.20000000e+01  1.10967416e+00 
 5.30000000e+01  1.10964946e+00 
 5.40000000e+01  1.10962405e+00 
 5.50000000e+01  1.10959797e+00 
 5.60000000e+01  1.10957124e+00 
 5.70000000e+01  1.10954389e+00 
 5.80000000e+01  1.10951599e+00 
 5.90000000e+01  1.10948755e+00 
 6.00000000e+01  1.10945862e+00 
 6.10000000e+01  1.10942923e+00 
 6.20000000e+01  1.10939944e+00 
 6.30000000e+01  1.10936928e+00 
 6.40000000e+01  1.10933880e+00 
 6.50000000e+01  1.10930804e+00 
 6.60000000e+01  1.10927705e+00 
 6.70000000e+01  1.10924590e+00 
 6.80000000e+01  1.10921462e+00 
 6.90000000e+01  1.10918327e+00 
 7.00000000e+01  1.10915191e+00 
 7.10000000e+01  1.10912059e+00 
 7.20000000e+01  1.10908937e+00 
 7.30000000e+01  1.10905832e+00 
 7.40000000e+01  1.10902749e+00 
 7.50000000e+01  1.10899696e+00 
 7.60000000e+01  1.10896679e+00 
 7.70000000e+01  1.10893704e+00 
 7.80000000e+01  1.10890779e+00 
 7.90000000e+01  1.10887910e+00 
 8.00000000e+01  1.10885105e+00 
 8.10000000e+01  1.10882371e+00 
 8.20000000e+01  1.10879717e+00 
 8.30000000e+01  1.10877148e+00 
 8.40000000e+01  1.10874674e+00 
 8.50000000e+01  1.10872302e+00 
 8.60000000e+01  1.10870040e+00 
 8.70000000e+01  1.10867896e+00 
 8.80000000e+01  1.10865878e+00 
 8.90000000e+01  1.10863995e+00 
 9.00000000e+01  1.10862255e+00 
 9.10000000e+01  1.10860666e+00 
 9.20000000e+01  1.10859237e+00 
 9.30000000e+01  1.10857977e+00 
 9.40000000e+01  1.10856893e+00 
 9.50000000e+01  1.10855995e+00 
 9.60000000e+01  1.10855291e+00 
 9.70000000e+01  1.10854791e+00 
 9.80000000e+01  1.10854503e+00 
 9.90000000e+01  1.10854435e+00 
 1.00000000e+02  1.10854597e+00 
 1.01000000e+02  1.10854997e+00 
 1.02000000e+02  1.10855645e+00 
 1.03000000e+02  1.10856550e+00 
 1.04000000e+02  1.10857720e+00 
 1.05000000e+02  1.10859166e+00 
 1.06000000e+02  1.10860894e+00 
 1.07000000e+02  1.10862915e+00 
 1.08000000e+02  1.10865238e+00 
 1.09000000e+02  1.10867872e+00 
 1.10000000e+02  1.10870826e+00 
 1.11000000e+02  1.10874109e+00 
 1.12000000e+02  1.10877730e+00 
 1.13000000e+02  1.10881697e+00 
 1.14000000e+02  1.10886021e+00 
 1.15000000e+02  1.10890710e+00 
 1.16000000e+02  1.10895773e+00 
 1.17000000e+02  1.10901218e+00 
 1.18000000e+02  1.10907056e+00 
 1.19000000e+02  1.10913295e+00 
 1.20000000e+02  1.10919942e+00 
 1.21000000e+02  1.10927008e+00 
 1.22000000e+02  1.10934501e+00 
 1.23000000e+02  1.10942429e+00 
 1.24000000e+02  1.10950801e+00 
 1.25000000e+02  1.10959625e+00 
