 1.00000000e+06  3.60149485e-12 
 1.02329299e+06  3.59213001e-12 
 1.04712855e+06  3.58295433e-12 
 1.07151931e+06  3.57396438e-12 
 1.09647820e+06  3.56515677e-12 
 1.12201845e+06  3.55652816e-12 
 1.14815362e+06  3.54807527e-12 
 1.17489755e+06  3.53979483e-12 
 1.20226443e+06  3.53168364e-12 
 1.23026877e+06  3.52373856e-12 
 1.25892541e+06  3.51595646e-12 
 1.28824955e+06  3.50833429e-12 
 1.31825674e+06  3.50086901e-12 
 1.34896288e+06  3.49355766e-12 
 1.38038426e+06  3.48639729e-12 
 1.41253754e+06  3.47938502e-12 
 1.44543977e+06  3.47251801e-12 
 1.47910839e+06  3.46579344e-12 
 1.51356125e+06  3.45920855e-12 
 1.54881662e+06  3.45276064e-12 
 1.58489319e+06  3.44644701e-12 
 1.62181010e+06  3.44026504e-12 
 1.65958691e+06  3.43421213e-12 
 1.69824365e+06  3.42828572e-12 
 1.73780083e+06  3.42248330e-12 
 1.77827941e+06  3.41680240e-12 
 1.81970086e+06  3.41124057e-12 
 1.86208714e+06  3.40579543e-12 
 1.90546072e+06  3.40046461e-12 
 1.94984460e+06  3.39524579e-12 
 1.99526231e+06  3.39013668e-12 
 2.04173794e+06  3.38513504e-12 
 2.08929613e+06  3.38023865e-12 
 2.13796209e+06  3.37544535e-12 
 2.18776162e+06  3.37075298e-12 
 2.23872114e+06  3.36615943e-12 
 2.29086765e+06  3.36166265e-12 
 2.34422882e+06  3.35726058e-12 
 2.39883292e+06  3.35295122e-12 
 2.45470892e+06  3.34873259e-12 
 2.51188643e+06  3.34460275e-12 
 2.57039578e+06  3.34055979e-12 
 2.63026799e+06  3.33660183e-12 
 2.69153480e+06  3.33272700e-12 
 2.75422870e+06  3.32893350e-12 
 2.81838293e+06  3.32521953e-12 
 2.88403150e+06  3.32158331e-12 
 2.95120923e+06  3.31802312e-12 
 3.01995172e+06  3.31453723e-12 
 3.09029543e+06  3.31112397e-12 
 3.16227766e+06  3.30778166e-12 
 3.23593657e+06  3.30450868e-12 
 3.31131121e+06  3.30130341e-12 
 3.38844156e+06  3.29816427e-12 
 3.46736850e+06  3.29508969e-12 
 3.54813389e+06  3.29207811e-12 
 3.63078055e+06  3.28912804e-12 
 3.71535229e+06  3.28623795e-12 
 3.80189396e+06  3.28340636e-12 
 3.89045145e+06  3.28063183e-12 
 3.98107171e+06  3.27791289e-12 
 4.07380278e+06  3.27524813e-12 
 4.16869383e+06  3.27263613e-12 
 4.26579519e+06  3.27007550e-12 
 4.36515832e+06  3.26756486e-12 
 4.46683592e+06  3.26510286e-12 
 4.57088190e+06  3.26268813e-12 
 4.67735141e+06  3.26031934e-12 
 4.78630092e+06  3.25799517e-12 
 4.89778819e+06  3.25571430e-12 
 5.01187234e+06  3.25347543e-12 
 5.12861384e+06  3.25127726e-12 
 5.24807460e+06  3.24911851e-12 
 5.37031796e+06  3.24699791e-12 
 5.49540874e+06  3.24491418e-12 
 5.62341325e+06  3.24286605e-12 
 5.75439937e+06  3.24085227e-12 
 5.88843655e+06  3.23887158e-12 
 6.02559586e+06  3.23692272e-12 
 6.16595002e+06  3.23500444e-12 
 6.30957344e+06  3.23311549e-12 
 6.45654229e+06  3.23125461e-12 
 6.60693448e+06  3.22942056e-12 
 6.76082975e+06  3.22761207e-12 
 6.91830971e+06  3.22582788e-12 
 7.07945784e+06  3.22406673e-12 
 7.24435960e+06  3.22232735e-12 
 7.41310241e+06  3.22060844e-12 
 7.58577575e+06  3.21890873e-12 
 7.76247117e+06  3.21722691e-12 
 7.94328235e+06  3.21556167e-12 
 8.12830516e+06  3.21391168e-12 
 8.31763771e+06  3.21227560e-12 
 8.51138038e+06  3.21065208e-12 
 8.70963590e+06  3.20903973e-12 
 8.91250938e+06  3.20743717e-12 
 9.12010839e+06  3.20584298e-12 
 9.33254301e+06  3.20425573e-12 
 9.54992586e+06  3.20267394e-12 
 9.77237221e+06  3.20109613e-12 
 1.00000000e+07  3.19952079e-12 
 1.02329299e+07  3.19794636e-12 
 1.04712855e+07  3.19637127e-12 
 1.07151931e+07  3.19479391e-12 
 1.09647820e+07  3.19321263e-12 
 1.12201845e+07  3.19162574e-12 
 1.14815362e+07  3.19003152e-12 
 1.17489755e+07  3.18842820e-12 
 1.20226443e+07  3.18681397e-12 
 1.23026877e+07  3.18518698e-12 
 1.25892541e+07  3.18354532e-12 
 1.28824955e+07  3.18188702e-12 
 1.31825674e+07  3.18021010e-12 
 1.34896288e+07  3.17851247e-12 
 1.38038426e+07  3.17679202e-12 
 1.41253754e+07  3.17504657e-12 
 1.44543977e+07  3.17327387e-12 
 1.47910839e+07  3.17147162e-12 
 1.51356125e+07  3.16963744e-12 
 1.54881662e+07  3.16776889e-12 
 1.58489319e+07  3.16586344e-12 
 1.62181010e+07  3.16391852e-12 
 1.65958691e+07  3.16193145e-12 
 1.69824365e+07  3.15989948e-12 
 1.73780083e+07  3.15781981e-12 
 1.77827941e+07  3.15568950e-12 
 1.81970086e+07  3.15350558e-12 
 1.86208714e+07  3.15126496e-12 
 1.90546072e+07  3.14896448e-12 
 1.94984460e+07  3.14660087e-12 
 1.99526231e+07  3.14417079e-12 
 2.04173794e+07  3.14167080e-12 
 2.08929613e+07  3.13909736e-12 
 2.13796209e+07  3.13644684e-12 
 2.18776162e+07  3.13371551e-12 
 2.23872114e+07  3.13089957e-12 
 2.29086765e+07  3.12799508e-12 
 2.34422882e+07  3.12499804e-12 
 2.39883292e+07  3.12190436e-12 
 2.45470892e+07  3.11870983e-12 
 2.51188643e+07  3.11541017e-12 
 2.57039578e+07  3.11200100e-12 
 2.63026799e+07  3.10847788e-12 
 2.69153480e+07  3.10483627e-12 
 2.75422870e+07  3.10107154e-12 
 2.81838293e+07  3.09717902e-12 
 2.88403150e+07  3.09315394e-12 
 2.95120923e+07  3.08899151e-12 
 3.01995172e+07  3.08468686e-12 
 3.09029543e+07  3.08023507e-12 
 3.16227766e+07  3.07563122e-12 
 3.23593657e+07  3.07087034e-12 
 3.31131121e+07  3.06594746e-12 
 3.38844156e+07  3.06085759e-12 
 3.46736850e+07  3.05559578e-12 
 3.54813389e+07  3.05015709e-12 
 3.63078055e+07  3.04453665e-12 
 3.71535229e+07  3.03872962e-12 
 3.80189396e+07  3.03273125e-12 
 3.89045145e+07  3.02653691e-12 
 3.98107171e+07  3.02014207e-12 
 4.07380278e+07  3.01354234e-12 
 4.16869383e+07  3.00673351e-12 
 4.26579519e+07  2.99971155e-12 
 4.36515832e+07  2.99247264e-12 
 4.46683592e+07  2.98501321e-12 
 4.57088190e+07  2.97732995e-12 
 4.67735141e+07  2.96941986e-12 
 4.78630092e+07  2.96128024e-12 
 4.89778819e+07  2.95290875e-12 
 5.01187234e+07  2.94430344e-12 
 5.12861384e+07  2.93546276e-12 
 5.24807460e+07  2.92638559e-12 
 5.37031796e+07  2.91707131e-12 
 5.49540874e+07  2.90751975e-12 
 5.62341325e+07  2.89773130e-12 
 5.75439937e+07  2.88770687e-12 
 5.88843655e+07  2.87744796e-12 
 6.02559586e+07  2.86695666e-12 
 6.16595002e+07  2.85623569e-12 
 6.30957344e+07  2.84528837e-12 
 6.45654229e+07  2.83411873e-12 
 6.60693448e+07  2.82273141e-12 
 6.76082975e+07  2.81113176e-12 
 6.91830971e+07  2.79932582e-12 
 7.07945784e+07  2.78732029e-12 
 7.24435960e+07  2.77512260e-12 
 7.41310241e+07  2.76274083e-12 
 7.58577575e+07  2.75018376e-12 
 7.76247117e+07  2.73746085e-12 
 7.94328235e+07  2.72458218e-12 
 8.12830516e+07  2.71155849e-12 
 8.31763771e+07  2.69840112e-12 
 8.51138038e+07  2.68512199e-12 
 8.70963590e+07  2.67173359e-12 
 8.91250938e+07  2.65824890e-12 
 9.12010839e+07  2.64468138e-12 
 9.33254301e+07  2.63104494e-12 
 9.54992586e+07  2.61735388e-12 
 9.77237221e+07  2.60362281e-12 
 1.00000000e+08  2.58986667e-12 
