 1.00000000e+06  4.89982989e-12 
 1.02329299e+06  4.87186881e-12 
 1.04712855e+06  4.84438834e-12 
 1.07151931e+06  4.81738202e-12 
 1.09647820e+06  4.79084342e-12 
 1.12201845e+06  4.76476618e-12 
 1.14815362e+06  4.73914398e-12 
 1.17489755e+06  4.71397053e-12 
 1.20226443e+06  4.68923963e-12 
 1.23026877e+06  4.66494508e-12 
 1.25892541e+06  4.64108076e-12 
 1.28824955e+06  4.61764060e-12 
 1.31825674e+06  4.59461857e-12 
 1.34896288e+06  4.57200868e-12 
 1.38038426e+06  4.54980501e-12 
 1.41253754e+06  4.52800167e-12 
 1.44543977e+06  4.50659284e-12 
 1.47910839e+06  4.48557273e-12 
 1.51356125e+06  4.46493562e-12 
 1.54881662e+06  4.44467582e-12 
 1.58489319e+06  4.42478770e-12 
 1.62181010e+06  4.40526569e-12 
 1.65958691e+06  4.38610426e-12 
 1.69824365e+06  4.36729793e-12 
 1.73780083e+06  4.34884127e-12 
 1.77827941e+06  4.33072891e-12 
 1.81970086e+06  4.31295553e-12 
 1.86208714e+06  4.29551586e-12 
 1.90546072e+06  4.27840468e-12 
 1.94984460e+06  4.26161683e-12 
 1.99526231e+06  4.24514719e-12 
 2.04173794e+06  4.22899069e-12 
 2.08929613e+06  4.21314235e-12 
 2.13796209e+06  4.19759718e-12 
 2.18776162e+06  4.18235031e-12 
 2.23872114e+06  4.16739687e-12 
 2.29086765e+06  4.15273207e-12 
 2.34422882e+06  4.13835117e-12 
 2.39883292e+06  4.12424948e-12 
 2.45470892e+06  4.11042237e-12 
 2.51188643e+06  4.09686525e-12 
 2.57039578e+06  4.08357360e-12 
 2.63026799e+06  4.07054294e-12 
 2.69153480e+06  4.05776885e-12 
 2.75422870e+06  4.04524697e-12 
 2.81838293e+06  4.03297299e-12 
 2.88403150e+06  4.02094263e-12 
 2.95120923e+06  4.00915171e-12 
 3.01995172e+06  3.99759607e-12 
 3.09029543e+06  3.98627161e-12 
 3.16227766e+06  3.97517429e-12 
 3.23593657e+06  3.96430012e-12 
 3.31131121e+06  3.95364516e-12 
 3.38844156e+06  3.94320552e-12 
 3.46736850e+06  3.93297739e-12 
 3.54813389e+06  3.92295698e-12 
 3.63078055e+06  3.91314056e-12 
 3.71535229e+06  3.90352447e-12 
 3.80189396e+06  3.89410509e-12 
 3.89045145e+06  3.88487885e-12 
 3.98107171e+06  3.87584224e-12 
 4.07380278e+06  3.86699179e-12 
 4.16869383e+06  3.85832409e-12 
 4.26579519e+06  3.84983580e-12 
 4.36515832e+06  3.84152359e-12 
 4.46683592e+06  3.83338421e-12 
 4.57088190e+06  3.82541446e-12 
 4.67735141e+06  3.81761118e-12 
 4.78630092e+06  3.80997127e-12 
 4.89778819e+06  3.80249166e-12 
 5.01187234e+06  3.79516936e-12 
 5.12861384e+06  3.78800141e-12 
 5.24807460e+06  3.78098489e-12 
 5.37031796e+06  3.77411696e-12 
 5.49540874e+06  3.76739479e-12 
 5.62341325e+06  3.76081563e-12 
 5.75439937e+06  3.75437675e-12 
 5.88843655e+06  3.74807549e-12 
 6.02559586e+06  3.74190923e-12 
 6.16595002e+06  3.73587538e-12 
 6.30957344e+06  3.72997142e-12 
 6.45654229e+06  3.72419486e-12 
 6.60693448e+06  3.71854326e-12 
 6.76082975e+06  3.71301422e-12 
 6.91830971e+06  3.70760539e-12 
 7.07945784e+06  3.70231445e-12 
 7.24435960e+06  3.69713915e-12 
 7.41310241e+06  3.69207726e-12 
 7.58577575e+06  3.68712659e-12 
 7.76247117e+06  3.68228501e-12 
 7.94328235e+06  3.67755041e-12 
 8.12830516e+06  3.67292074e-12 
 8.31763771e+06  3.66839398e-12 
 8.51138038e+06  3.66396814e-12 
 8.70963590e+06  3.65964128e-12 
 8.91250938e+06  3.65541150e-12 
 9.12010839e+06  3.65127694e-12 
 9.33254301e+06  3.64723576e-12 
 9.54992586e+06  3.64328617e-12 
 9.77237221e+06  3.63942641e-12 
 1.00000000e+07  3.63565476e-12 
 1.02329299e+07  3.63196954e-12 
 1.04712855e+07  3.62836908e-12 
 1.07151931e+07  3.62485176e-12 
 1.09647820e+07  3.62141599e-12 
 1.12201845e+07  3.61806021e-12 
 1.14815362e+07  3.61478290e-12 
 1.17489755e+07  3.61158254e-12 
 1.20226443e+07  3.60845767e-12 
 1.23026877e+07  3.60540684e-12 
 1.25892541e+07  3.60242864e-12 
 1.28824955e+07  3.59952166e-12 
 1.31825674e+07  3.59668454e-12 
 1.34896288e+07  3.59391593e-12 
 1.38038426e+07  3.59121451e-12 
 1.41253754e+07  3.58857898e-12 
 1.44543977e+07  3.58600805e-12 
 1.47910839e+07  3.58350045e-12 
 1.51356125e+07  3.58105494e-12 
 1.54881662e+07  3.57867027e-12 
 1.58489319e+07  3.57634525e-12 
 1.62181010e+07  3.57407864e-12 
 1.65958691e+07  3.57186927e-12 
 1.69824365e+07  3.56971595e-12 
 1.73780083e+07  3.56761750e-12 
 1.77827941e+07  3.56557274e-12 
 1.81970086e+07  3.56358052e-12 
 1.86208714e+07  3.56163966e-12 
 1.90546072e+07  3.55974902e-12 
 1.94984460e+07  3.55790743e-12 
 1.99526231e+07  3.55611373e-12 
 2.04173794e+07  3.55436676e-12 
 2.08929613e+07  3.55266534e-12 
 2.13796209e+07  3.55100830e-12 
 2.18776162e+07  3.54939446e-12 
 2.23872114e+07  3.54782262e-12 
 2.29086765e+07  3.54629159e-12 
 2.34422882e+07  3.54480014e-12 
 2.39883292e+07  3.54334705e-12 
 2.45470892e+07  3.54193106e-12 
 2.51188643e+07  3.54055093e-12 
 2.57039578e+07  3.53920537e-12 
 2.63026799e+07  3.53789309e-12 
 2.69153480e+07  3.53661277e-12 
 2.75422870e+07  3.53536307e-12 
 2.81838293e+07  3.53414264e-12 
 2.88403150e+07  3.53295010e-12 
 2.95120923e+07  3.53178405e-12 
 3.01995172e+07  3.53064307e-12 
 3.09029543e+07  3.52952572e-12 
 3.16227766e+07  3.52843052e-12 
 3.23593657e+07  3.52735599e-12 
 3.31131121e+07  3.52630061e-12 
 3.38844156e+07  3.52526286e-12 
 3.46736850e+07  3.52424117e-12 
 3.54813389e+07  3.52323397e-12 
 3.63078055e+07  3.52223965e-12 
 3.71535229e+07  3.52125660e-12 
 3.80189396e+07  3.52028317e-12 
 3.89045145e+07  3.51931770e-12 
 3.98107171e+07  3.51835851e-12 
 4.07380278e+07  3.51740391e-12 
 4.16869383e+07  3.51645216e-12 
 4.26579519e+07  3.51550154e-12 
 4.36515832e+07  3.51455029e-12 
 4.46683592e+07  3.51359664e-12 
 4.57088190e+07  3.51263878e-12 
 4.67735141e+07  3.51167492e-12 
 4.78630092e+07  3.51070323e-12 
 4.89778819e+07  3.50972186e-12 
 5.01187234e+07  3.50872895e-12 
 5.12861384e+07  3.50772262e-12 
 5.24807460e+07  3.50670095e-12 
 5.37031796e+07  3.50566203e-12 
 5.49540874e+07  3.50460392e-12 
 5.62341325e+07  3.50352463e-12 
 5.75439937e+07  3.50242219e-12 
 5.88843655e+07  3.50129456e-12 
 6.02559586e+07  3.50013971e-12 
 6.16595002e+07  3.49895555e-12 
 6.30957344e+07  3.49773998e-12 
 6.45654229e+07  3.49649085e-12 
 6.60693448e+07  3.49520600e-12 
 6.76082975e+07  3.49388321e-12 
 6.91830971e+07  3.49252023e-12 
 7.07945784e+07  3.49111476e-12 
 7.24435960e+07  3.48966447e-12 
 7.41310241e+07  3.48816697e-12 
 7.58577575e+07  3.48661983e-12 
 7.76247117e+07  3.48502058e-12 
 7.94328235e+07  3.48336666e-12 
 8.12830516e+07  3.48165551e-12 
 8.31763771e+07  3.47988448e-12 
 8.51138038e+07  3.47805087e-12 
 8.70963590e+07  3.47615191e-12 
 8.91250938e+07  3.47418480e-12 
 9.12010839e+07  3.47214665e-12 
 9.33254301e+07  3.47003453e-12 
 9.54992586e+07  3.46784544e-12 
 9.77237221e+07  3.46557631e-12 
 1.00000000e+08  3.46322403e-12 
