 0.00000000e+00 -1.88182389e-10  0.00000000e+00 -3.64106029e-10  0.00000000e+00 -6.72100786e-10  0.00000000e+00 -4.90128231e-07 
 1.00000000e-02  2.94367269e-06  1.00000000e-02  3.58365379e-06  1.00000000e-02  2.07366997e-06  1.00000000e-02  4.37219207e-06 
 2.00000000e-02  5.79041286e-06  2.00000000e-02  7.00870623e-06  2.00000000e-02  4.12689414e-06  2.00000000e-02  8.93234153e-06 
 3.00000000e-02  8.53989904e-06  3.00000000e-02  1.02759182e-05  3.00000000e-02  6.15767586e-06  3.00000000e-02  1.31896197e-05 
 4.00000000e-02  1.11920629e-05  4.00000000e-02  1.33865938e-05  4.00000000e-02  8.16460826e-06  4.00000000e-02  1.71441617e-05 
 5.00000000e-02  1.37469024e-05  5.00000000e-02  1.63422251e-05  5.00000000e-02  1.01461984e-05  5.00000000e-02  2.07969891e-05 
 6.00000000e-02  1.62044824e-05  6.00000000e-02  1.91445018e-05  6.00000000e-02  1.21008644e-05  6.00000000e-02  2.41500307e-05 
 7.00000000e-02  1.85649343e-05  7.00000000e-02  2.17953215e-05  7.00000000e-02  1.40269329e-05  7.00000000e-02  2.72061293e-05 
 8.00000000e-02  2.08284563e-05  8.00000000e-02  2.42968004e-05  8.00000000e-02  1.59226373e-05  8.00000000e-02  2.99690625e-05 
 9.00000000e-02  2.29953139e-05  9.00000000e-02  2.66512844e-05  9.00000000e-02  1.77861174e-05  9.00000000e-02  3.24436410e-05 
 1.00000000e-01  2.50658408e-05  1.00000000e-01  2.88613586e-05  1.00000000e-01  1.96154187e-05  1.00000000e-01  3.46359628e-05 
 1.10000000e-01  2.70404408e-05  1.10000000e-01  3.09298564e-05  1.10000000e-01  2.14084951e-05  1.10000000e-01  3.65539133e-05 
 1.20000000e-01  2.89195882e-05  1.20000000e-01  3.28598662e-05  1.20000000e-01  2.31632112e-05  1.20000000e-01  3.82079608e-05 
 1.30000000e-01  3.07038291e-05  1.30000000e-01  3.46547361e-05  1.30000000e-01  2.48773484e-05  1.30000000e-01  3.96121885e-05 
 1.40000000e-01  3.23937799e-05  1.40000000e-01  3.63180768e-05  1.40000000e-01  2.65486116e-05  1.40000000e-01  4.07853125e-05 
 1.50000000e-01  3.39901239e-05  1.50000000e-01  3.78537624e-05  1.50000000e-01  2.81746402e-05  1.50000000e-01  4.17512189e-05 
 1.60000000e-01  3.54936038e-05  1.60000000e-01  3.92659314e-05  1.60000000e-01  2.97530206e-05  1.60000000e-01  4.25384768e-05 
 1.70000000e-01  3.69050102e-05  1.70000000e-01  4.05589872e-05  1.70000000e-01  3.12813031e-05  1.70000000e-01  4.31785479e-05 
 1.80000000e-01  3.82251656e-05  1.80000000e-01  4.17375999e-05  1.80000000e-01  3.27570219e-05  1.80000000e-01  4.37030140e-05 
 1.90000000e-01  3.94549045e-05  1.90000000e-01  4.28067104e-05  1.90000000e-01  3.41777195e-05  1.90000000e-01  4.41407067e-05 
 2.00000000e-01  4.05950542e-05  2.00000000e-01  4.37715330e-05  2.00000000e-01  3.55409744e-05  2.00000000e-01  4.45156875e-05 
 2.10000000e-01  4.16464220e-05  2.10000000e-01  4.46375576e-05  2.10000000e-01  3.68444336e-05  2.10000000e-01  4.48465229e-05 
 2.20000000e-01  4.26098000e-05  2.20000000e-01  4.54105430e-05  2.20000000e-01  3.80858496e-05  2.20000000e-01  4.51466644e-05 
 2.30000000e-01  4.34860065e-05  2.30000000e-01  4.60964995e-05  2.30000000e-01  3.92631196e-05  2.30000000e-01  4.54254250e-05 
 2.40000000e-01  4.42759829e-05  2.40000000e-01  4.67016519e-05  2.40000000e-01  4.03743300e-05  2.40000000e-01  4.56890759e-05 
 2.50000000e-01  4.49809734e-05  2.50000000e-01  4.72323786e-05  2.50000000e-01  4.14178017e-05  2.50000000e-01  4.59417915e-05 
 2.60000000e-01  4.56027984e-05  2.60000000e-01  4.76951269e-05  2.60000000e-01  4.23921364e-05  2.60000000e-01  4.61863613e-05 
 2.70000000e-01  4.61442105e-05  2.70000000e-01  4.80963057e-05  2.70000000e-01  4.32962630e-05  2.70000000e-01  4.64246880e-05 
 2.80000000e-01  4.66092704e-05  2.80000000e-01  4.84421664e-05  2.80000000e-01  4.41294784e-05  2.80000000e-01  4.66581263e-05 
 2.90000000e-01  4.70036203e-05  2.90000000e-01  4.87386832e-05  2.90000000e-01  4.48914835e-05  2.90000000e-01  4.68690143e-05 
 3.00000000e-01  4.73345031e-05  3.00000000e-01  4.89914490e-05  3.00000000e-01  4.55824089e-05  3.00000000e-01  4.70962503e-05 
 3.10000000e-01  4.76104240e-05  3.10000000e-01  4.92055991e-05  3.10000000e-01  4.62028334e-05  3.10000000e-01  4.73446449e-05 
 3.20000000e-01  4.78404890e-05  3.20000000e-01  4.93857744e-05  3.20000000e-01  4.67537991e-05  3.20000000e-01  4.75819152e-05 
 3.30000000e-01  4.80336106e-05  3.30000000e-01  4.95361282e-05  3.30000000e-01  4.72368407e-05  3.30000000e-01  4.78049641e-05 
 3.40000000e-01  4.81978270e-05  3.40000000e-01  4.96603805e-05  3.40000000e-01  4.76540572e-05  3.40000000e-01  4.80260734e-05 
 3.50000000e-01  4.83399020e-05  3.50000000e-01  4.97619141e-05  3.50000000e-01  4.80082654e-05  3.50000000e-01  4.82468615e-05 
 3.60000000e-01  4.84652228e-05  3.60000000e-01  4.98438949e-05  3.60000000e-01  4.83032594e-05  3.60000000e-01  4.84623493e-05 
 3.70000000e-01  4.85779132e-05  3.70000000e-01  4.99093827e-05  3.70000000e-01  4.85441365e-05  3.70000000e-01  4.86653795e-05 
 3.80000000e-01  4.86810472e-05  3.80000000e-01  4.99613793e-05  3.80000000e-01  4.87375174e-05  3.80000000e-01  4.88499249e-05 
 3.90000000e-01  4.87768817e-05  3.90000000e-01  5.00027740e-05  3.90000000e-01  4.88913846e-05  3.90000000e-01  4.90126985e-05 
 4.00000000e-01  4.88670626e-05  4.00000000e-01  5.00361995e-05  4.00000000e-01  4.90143644e-05  4.00000000e-01  4.91530064e-05 
 4.10000000e-01  4.89527888e-05  4.10000000e-01  5.00638753e-05  4.10000000e-01  4.91146495e-05  4.10000000e-01  4.92718750e-05 
 4.20000000e-01  4.90349367e-05  4.20000000e-01  5.00875232e-05  4.20000000e-01  4.91990809e-05  4.20000000e-01  4.93712164e-05 
 4.30000000e-01  4.91141514e-05  4.30000000e-01  5.01083842e-05  4.30000000e-01  4.92727719e-05  4.30000000e-01  4.94532677e-05 
 4.40000000e-01  4.91909114e-05  4.40000000e-01  5.01273060e-05  4.40000000e-01  4.93392441e-05  4.40000000e-01  4.95202822e-05 
 4.50000000e-01  4.92665719e-05  4.50000000e-01  5.01454638e-05  4.50000000e-01  4.94029567e-05  4.50000000e-01  4.95805239e-05 
 4.60000000e-01  4.93392890e-05  4.60000000e-01  5.01618335e-05  4.60000000e-01  4.94604518e-05  4.60000000e-01  4.96225833e-05 
 4.70000000e-01  4.94104201e-05  4.70000000e-01  5.01774891e-05  4.70000000e-01  4.95156767e-05  4.70000000e-01  4.96558142e-05 
 4.80000000e-01  4.94801208e-05  4.80000000e-01  5.01925648e-05  4.80000000e-01  4.95691478e-05  4.80000000e-01  4.96816750e-05 
 4.90000000e-01  4.95485147e-05  4.90000000e-01  5.02071561e-05  4.90000000e-01  4.96212043e-05  4.90000000e-01  4.97017267e-05 
 5.00000000e-01  4.96157013e-05  5.00000000e-01  5.02213297e-05  5.00000000e-01  4.96720741e-05  5.00000000e-01  4.97173529e-05 
 5.10000000e-01  4.96817622e-05  5.10000000e-01  5.02351341e-05  5.10000000e-01  4.97219149e-05  5.10000000e-01  4.97297397e-05 
 5.20000000e-01  4.97467651e-05  5.20000000e-01  5.02486049e-05  5.20000000e-01  4.97708382e-05  5.20000000e-01  4.97398426e-05 
 5.30000000e-01  4.98107675e-05  5.30000000e-01  5.02617696e-05  5.30000000e-01  4.98189256e-05  5.30000000e-01  4.97483823e-05 
 5.40000000e-01  4.98738185e-05  5.40000000e-01  5.02746497e-05  5.40000000e-01  4.98662387e-05  5.40000000e-01  4.97558696e-05 
 5.50000000e-01  4.99359608e-05  5.50000000e-01  5.02872627e-05  5.50000000e-01  4.99128252e-05  5.50000000e-01  4.97626488e-05 
 5.60000000e-01  4.99972320e-05  5.60000000e-01  5.02996228e-05  5.60000000e-01  4.99587236e-05  5.60000000e-01  4.97689442e-05 
 5.70000000e-01  5.00576658e-05  5.70000000e-01  5.03117426e-05  5.70000000e-01  5.00039654e-05  5.70000000e-01  4.97749000e-05 
 5.80000000e-01  5.01172926e-05  5.80000000e-01  5.03236326e-05  5.80000000e-01  5.00485777e-05  5.80000000e-01  4.97806087e-05 
 5.90000000e-01  5.01761397e-05  5.90000000e-01  5.03353022e-05  5.90000000e-01  5.00925839e-05  5.90000000e-01  4.97861308e-05 
 6.00000000e-01  5.02342327e-05  6.00000000e-01  5.03467601e-05  6.00000000e-01  5.01360049e-05  6.00000000e-01  4.97915061e-05 
 6.10000000e-01  5.02915948e-05  6.10000000e-01  5.03580139e-05  6.10000000e-01  5.01788594e-05  6.10000000e-01  4.97967619e-05 
 6.20000000e-01  5.03482480e-05  6.20000000e-01  5.03690708e-05  6.20000000e-01  5.02211647e-05  6.20000000e-01  4.98019168e-05 
 6.30000000e-01  5.04042127e-05  6.30000000e-01  5.03799374e-05  6.30000000e-01  5.02629367e-05  6.30000000e-01  4.98069845e-05 
 6.40000000e-01  5.04595079e-05  6.40000000e-01  5.03906199e-05  6.40000000e-01  5.03041905e-05  6.40000000e-01  4.98119746e-05 
 6.50000000e-01  5.05141520e-05  6.50000000e-01  5.04011241e-05  6.50000000e-01  5.03449400e-05  6.50000000e-01  4.98168946e-05 
 6.60000000e-01  5.05681620e-05  6.60000000e-01  5.04114555e-05  6.60000000e-01  5.03851987e-05  6.60000000e-01  4.98217501e-05 
 6.70000000e-01  5.06215543e-05  6.70000000e-01  5.04216192e-05  6.70000000e-01  5.04249790e-05  6.70000000e-01  4.98265456e-05 
 6.80000000e-01  5.06743445e-05  6.80000000e-01  5.04316204e-05  6.80000000e-01  5.04642932e-05  6.80000000e-01  4.98312844e-05 
 6.90000000e-01  5.07265475e-05  6.90000000e-01  5.04414636e-05  6.90000000e-01  5.05031527e-05  6.90000000e-01  4.98359696e-05 
 7.00000000e-01  5.07781774e-05  7.00000000e-01  5.04511533e-05  7.00000000e-01  5.05415686e-05  7.00000000e-01  4.98406036e-05 
 7.10000000e-01  5.08292480e-05  7.10000000e-01  5.04606940e-05  7.10000000e-01  5.05795515e-05  7.10000000e-01  4.98451885e-05 
 7.20000000e-01  5.08797722e-05  7.20000000e-01  5.04700897e-05  7.20000000e-01  5.06171116e-05  7.20000000e-01  4.98497261e-05 
 7.30000000e-01  5.09297627e-05  7.30000000e-01  5.04793443e-05  7.30000000e-01  5.06542588e-05  7.30000000e-01  4.98542179e-05 
 7.40000000e-01  5.09792317e-05  7.40000000e-01  5.04884617e-05  7.40000000e-01  5.06910024e-05  7.40000000e-01  4.98586655e-05 
 7.50000000e-01  5.10281906e-05  7.50000000e-01  5.04974455e-05  7.50000000e-01  5.07273517e-05  7.50000000e-01  4.98630700e-05 
 7.60000000e-01  5.10766509e-05  7.60000000e-01  5.05062993e-05  7.60000000e-01  5.07633155e-05  7.60000000e-01  4.98674327e-05 
 7.70000000e-01  5.11246233e-05  7.70000000e-01  5.05150263e-05  7.70000000e-01  5.07989022e-05  7.70000000e-01  4.98717547e-05 
 7.80000000e-01  5.11721182e-05  7.80000000e-01  5.05236298e-05  7.80000000e-01  5.08341201e-05  7.80000000e-01  4.98760370e-05 
 7.90000000e-01  5.12191459e-05  7.90000000e-01  5.05321131e-05  7.90000000e-01  5.08689771e-05  7.90000000e-01  4.98802806e-05 
 8.00000000e-01  5.12657161e-05  8.00000000e-01  5.05404790e-05  8.00000000e-01  5.09034809e-05  8.00000000e-01  4.98844863e-05 
 8.10000000e-01  5.13118381e-05  8.10000000e-01  5.05487305e-05  8.10000000e-01  5.09376390e-05  8.10000000e-01  4.98886551e-05 
 8.20000000e-01  5.13575213e-05  8.20000000e-01  5.05568704e-05  8.20000000e-01  5.09714585e-05  8.20000000e-01  4.98927877e-05 
 8.30000000e-01  5.14027745e-05  8.30000000e-01  5.05649014e-05  8.30000000e-01  5.10049465e-05  8.30000000e-01  4.98968850e-05 
 8.40000000e-01  5.14476061e-05  8.40000000e-01  5.05728261e-05  8.40000000e-01  5.10381096e-05  8.40000000e-01  4.99009476e-05 
 8.50000000e-01  5.14920246e-05  8.50000000e-01  5.05806471e-05  8.50000000e-01  5.10709546e-05  8.50000000e-01  4.99049763e-05 
 8.60000000e-01  5.15360381e-05  8.60000000e-01  5.05883668e-05  8.60000000e-01  5.11034876e-05  8.60000000e-01  4.99089717e-05 
 8.70000000e-01  5.15796543e-05  8.70000000e-01  5.05959875e-05  8.70000000e-01  5.11357149e-05  8.70000000e-01  4.99129347e-05 
 8.80000000e-01  5.16228808e-05  8.80000000e-01  5.06035116e-05  8.80000000e-01  5.11676424e-05  8.80000000e-01  4.99168657e-05 
 8.90000000e-01  5.16657250e-05  8.90000000e-01  5.06109412e-05  8.90000000e-01  5.11992760e-05  8.90000000e-01  4.99207654e-05 
 9.00000000e-01  5.17081940e-05  9.00000000e-01  5.06182784e-05  9.00000000e-01  5.12306213e-05  9.00000000e-01  4.99246344e-05 
 9.10000000e-01  5.17502949e-05  9.10000000e-01  5.06255254e-05  9.10000000e-01  5.12616837e-05  9.10000000e-01  4.99284732e-05 
 9.20000000e-01  5.17920343e-05  9.20000000e-01  5.06326842e-05  9.20000000e-01  5.12924686e-05  9.20000000e-01  4.99322825e-05 
 9.30000000e-01  5.18334188e-05  9.30000000e-01  5.06397566e-05  9.30000000e-01  5.13229811e-05  9.30000000e-01  4.99360628e-05 
 9.40000000e-01  5.18744549e-05  9.40000000e-01  5.06467446e-05  9.40000000e-01  5.13532263e-05  9.40000000e-01  4.99398146e-05 
 9.50000000e-01  5.19151486e-05  9.50000000e-01  5.06536500e-05  9.50000000e-01  5.13832090e-05  9.50000000e-01  4.99435383e-05 
 9.60000000e-01  5.19555061e-05  9.60000000e-01  5.06604745e-05  9.60000000e-01  5.14129340e-05  9.60000000e-01  4.99472346e-05 
 9.70000000e-01  5.19955331e-05  9.70000000e-01  5.06672199e-05  9.70000000e-01  5.14424059e-05  9.70000000e-01  4.99509039e-05 
 9.80000000e-01  5.20352356e-05  9.80000000e-01  5.06738878e-05  9.80000000e-01  5.14716292e-05  9.80000000e-01  4.99545466e-05 
 9.90000000e-01  5.20746189e-05  9.90000000e-01  5.06804798e-05  9.90000000e-01  5.15006082e-05  9.90000000e-01  4.99581633e-05 
 1.00000000e+00  5.21136885e-05  1.00000000e+00  5.06869976e-05  1.00000000e+00  5.15293472e-05  1.00000000e+00  4.99617543e-05 
 1.01000000e+00  5.21524497e-05  1.01000000e+00  5.06934425e-05  1.01000000e+00  5.15578504e-05  1.01000000e+00  4.99653200e-05 
 1.02000000e+00  5.21909077e-05  1.02000000e+00  5.06998162e-05  1.02000000e+00  5.15861218e-05  1.02000000e+00  4.99688610e-05 
 1.03000000e+00  5.22290675e-05  1.03000000e+00  5.07061199e-05  1.03000000e+00  5.16141653e-05  1.03000000e+00  4.99723776e-05 
 1.04000000e+00  5.22669339e-05  1.04000000e+00  5.07123552e-05  1.04000000e+00  5.16419848e-05  1.04000000e+00  4.99758702e-05 
 1.05000000e+00  5.23045117e-05  1.05000000e+00  5.07185233e-05  1.05000000e+00  5.16695839e-05  1.05000000e+00  4.99793391e-05 
 1.06000000e+00  5.23418056e-05  1.06000000e+00  5.07246256e-05  1.06000000e+00  5.16969664e-05  1.06000000e+00  4.99827849e-05 
 1.07000000e+00  5.23788202e-05  1.07000000e+00  5.07306634e-05  1.07000000e+00  5.17241357e-05  1.07000000e+00  4.99862077e-05 
 1.08000000e+00  5.24155597e-05  1.08000000e+00  5.07366379e-05  1.08000000e+00  5.17510954e-05  1.08000000e+00  4.99896081e-05 
 1.09000000e+00  5.24520287e-05  1.09000000e+00  5.07425503e-05  1.09000000e+00  5.17778488e-05  1.09000000e+00  4.99929863e-05 
 1.10000000e+00  5.24882312e-05  1.10000000e+00  5.07484018e-05  1.10000000e+00  5.18043992e-05  1.10000000e+00  4.99963426e-05 
 1.11000000e+00  5.25241714e-05  1.11000000e+00  5.07541935e-05  1.11000000e+00  5.18307498e-05  1.11000000e+00  4.99996775e-05 
 1.12000000e+00  5.25598534e-05  1.12000000e+00  5.07599265e-05  1.12000000e+00  5.18569037e-05  1.12000000e+00  5.00029913e-05 
 1.13000000e+00  5.25952811e-05  1.13000000e+00  5.07656020e-05  1.13000000e+00  5.18828641e-05  1.13000000e+00  5.00062841e-05 
 1.14000000e+00  5.26304583e-05  1.14000000e+00  5.07712210e-05  1.14000000e+00  5.19086339e-05  1.14000000e+00  5.00095564e-05 
 1.15000000e+00  5.26653888e-05  1.15000000e+00  5.07767845e-05  1.15000000e+00  5.19342160e-05  1.15000000e+00  5.00128085e-05 
 1.16000000e+00  5.27000763e-05  1.16000000e+00  5.07822935e-05  1.16000000e+00  5.19596134e-05  1.16000000e+00  5.00160407e-05 
 1.17000000e+00  5.27345243e-05  1.17000000e+00  5.07877490e-05  1.17000000e+00  5.19848287e-05  1.17000000e+00  5.00192532e-05 
 1.18000000e+00  5.27687365e-05  1.18000000e+00  5.07931520e-05  1.18000000e+00  5.20098647e-05  1.18000000e+00  5.00224463e-05 
 1.19000000e+00  5.28027161e-05  1.19000000e+00  5.07985034e-05  1.19000000e+00  5.20347240e-05  1.19000000e+00  5.00256203e-05 
 1.20000000e+00  5.28364668e-05  1.20000000e+00  5.08038041e-05  1.20000000e+00  5.20594094e-05  1.20000000e+00  5.00287754e-05 
 1.21000000e+00  5.28699916e-05  1.21000000e+00  5.08090550e-05  1.21000000e+00  5.20839233e-05  1.21000000e+00  5.00319121e-05 
 1.22000000e+00  5.29032940e-05  1.22000000e+00  5.08142569e-05  1.22000000e+00  5.21082682e-05  1.22000000e+00  5.00350303e-05 
 1.23000000e+00  5.29363770e-05  1.23000000e+00  5.08194108e-05  1.23000000e+00  5.21324466e-05  1.23000000e+00  5.00381306e-05 
 1.24000000e+00  5.29692438e-05  1.24000000e+00  5.08245173e-05  1.24000000e+00  5.21564609e-05  1.24000000e+00  5.00412130e-05 
 1.25000000e+00  5.30018975e-05  1.25000000e+00  5.08295775e-05  1.25000000e+00  5.21803133e-05  1.25000000e+00  5.00442778e-05 
 1.26000000e+00  5.30343410e-05  1.26000000e+00  5.08345919e-05  1.26000000e+00  5.22040063e-05  1.26000000e+00  5.00473254e-05 
 1.27000000e+00  5.30665773e-05  1.27000000e+00  5.08395615e-05  1.27000000e+00  5.22275420e-05  1.27000000e+00  5.00503558e-05 
 1.28000000e+00  5.30986094e-05  1.28000000e+00  5.08444870e-05  1.28000000e+00  5.22509226e-05  1.28000000e+00  5.00533693e-05 
 1.29000000e+00  5.31304400e-05  1.29000000e+00  5.08493691e-05  1.29000000e+00  5.22741504e-05  1.29000000e+00  5.00563662e-05 
 1.30000000e+00  5.31620720e-05  1.30000000e+00  5.08542085e-05  1.30000000e+00  5.22972273e-05  1.30000000e+00  5.00593467e-05 
 1.31000000e+00  5.31935081e-05  1.31000000e+00  5.08590061e-05  1.31000000e+00  5.23201556e-05  1.31000000e+00  5.00623109e-05 
 1.32000000e+00  5.32247512e-05  1.32000000e+00  5.08637624e-05  1.32000000e+00  5.23429372e-05  1.32000000e+00  5.00652592e-05 
 1.33000000e+00  5.32558037e-05  1.33000000e+00  5.08684782e-05  1.33000000e+00  5.23655742e-05  1.33000000e+00  5.00681917e-05 
 1.34000000e+00  5.32866684e-05  1.34000000e+00  5.08731542e-05  1.34000000e+00  5.23880685e-05  1.34000000e+00  5.00711086e-05 
 1.35000000e+00  5.33173480e-05  1.35000000e+00  5.08777910e-05  1.35000000e+00  5.24104220e-05  1.35000000e+00  5.00740101e-05 
 1.36000000e+00  5.33478449e-05  1.36000000e+00  5.08823894e-05  1.36000000e+00  5.24326367e-05  1.36000000e+00  5.00768965e-05 
 1.37000000e+00  5.33781618e-05  1.37000000e+00  5.08869499e-05  1.37000000e+00  5.24547144e-05  1.37000000e+00  5.00797679e-05 
 1.38000000e+00  5.34083011e-05  1.38000000e+00  5.08914733e-05  1.38000000e+00  5.24766570e-05  1.38000000e+00  5.00826246e-05 
 1.39000000e+00  5.34382653e-05  1.39000000e+00  5.08959601e-05  1.39000000e+00  5.24984663e-05  1.39000000e+00  5.00854667e-05 
 1.40000000e+00  5.34680570e-05  1.40000000e+00  5.09004111e-05  1.40000000e+00  5.25201441e-05  1.40000000e+00  5.00882944e-05 
 1.41000000e+00  5.34976785e-05  1.41000000e+00  5.09048268e-05  1.41000000e+00  5.25416921e-05  1.41000000e+00  5.00911080e-05 
 1.42000000e+00  5.35271324e-05  1.42000000e+00  5.09092080e-05  1.42000000e+00  5.25631121e-05  1.42000000e+00  5.00939076e-05 
 1.43000000e+00  5.35564209e-05  1.43000000e+00  5.09135551e-05  1.43000000e+00  5.25844058e-05  1.43000000e+00  5.00966935e-05 
 1.44000000e+00  5.35855465e-05  1.44000000e+00  5.09178690e-05  1.44000000e+00  5.26055750e-05  1.44000000e+00  5.00994658e-05 
 1.45000000e+00  5.36145117e-05  1.45000000e+00  5.09221501e-05  1.45000000e+00  5.26266212e-05  1.45000000e+00  5.01022248e-05 
 1.46000000e+00  5.36433187e-05  1.46000000e+00  5.09263992e-05  1.46000000e+00  5.26475462e-05  1.46000000e+00  5.01049706e-05 
 1.47000000e+00  5.36719699e-05  1.47000000e+00  5.09306168e-05  1.47000000e+00  5.26683517e-05  1.47000000e+00  5.01077035e-05 
 1.48000000e+00  5.37004677e-05  1.48000000e+00  5.09348037e-05  1.48000000e+00  5.26890392e-05  1.48000000e+00  5.01104237e-05 
 1.49000000e+00  5.37288145e-05  1.49000000e+00  5.09389604e-05  1.49000000e+00  5.27096104e-05  1.49000000e+00  5.01131314e-05 
 1.50000000e+00  5.37570127e-05  1.50000000e+00  5.09430876e-05  1.50000000e+00  5.27300669e-05  1.50000000e+00  5.01158269e-05 
