 1.00000000e+06  2.70079381e-12 
 1.02329299e+06  2.69745028e-12 
 1.04712855e+06  2.69417832e-12 
 1.07151931e+06  2.69097646e-12 
 1.09647820e+06  2.68784323e-12 
 1.12201845e+06  2.68477719e-12 
 1.14815362e+06  2.68177692e-12 
 1.17489755e+06  2.67884106e-12 
 1.20226443e+06  2.67596822e-12 
 1.23026877e+06  2.67315707e-12 
 1.25892541e+06  2.67040630e-12 
 1.28824955e+06  2.66771462e-12 
 1.31825674e+06  2.66508075e-12 
 1.34896288e+06  2.66250346e-12 
 1.38038426e+06  2.65998152e-12 
 1.41253754e+06  2.65751372e-12 
 1.44543977e+06  2.65509888e-12 
 1.47910839e+06  2.65273585e-12 
 1.51356125e+06  2.65042348e-12 
 1.54881662e+06  2.64816065e-12 
 1.58489319e+06  2.64594627e-12 
 1.62181010e+06  2.64377925e-12 
 1.65958691e+06  2.64165852e-12 
 1.69824365e+06  2.63958305e-12 
 1.73780083e+06  2.63755181e-12 
 1.77827941e+06  2.63556378e-12 
 1.81970086e+06  2.63361798e-12 
 1.86208714e+06  2.63171342e-12 
 1.90546072e+06  2.62984916e-12 
 1.94984460e+06  2.62802424e-12 
 1.99526231e+06  2.62623774e-12 
 2.04173794e+06  2.62448874e-12 
 2.08929613e+06  2.62277634e-12 
 2.13796209e+06  2.62109966e-12 
 2.18776162e+06  2.61945783e-12 
 2.23872114e+06  2.61784998e-12 
 2.29086765e+06  2.61627527e-12 
 2.34422882e+06  2.61473287e-12 
 2.39883292e+06  2.61322196e-12 
 2.45470892e+06  2.61174172e-12 
 2.51188643e+06  2.61029135e-12 
 2.57039578e+06  2.60887006e-12 
 2.63026799e+06  2.60747708e-12 
 2.69153480e+06  2.60611163e-12 
 2.75422870e+06  2.60477296e-12 
 2.81838293e+06  2.60346030e-12 
 2.88403150e+06  2.60217291e-12 
 2.95120923e+06  2.60091006e-12 
 3.01995172e+06  2.59967102e-12 
 3.09029543e+06  2.59845505e-12 
 3.16227766e+06  2.59726145e-12 
 3.23593657e+06  2.59608950e-12 
 3.31131121e+06  2.59493849e-12 
 3.38844156e+06  2.59380772e-12 
 3.46736850e+06  2.59269649e-12 
 3.54813389e+06  2.59160409e-12 
 3.63078055e+06  2.59052985e-12 
 3.71535229e+06  2.58947306e-12 
 3.80189396e+06  2.58843303e-12 
 3.89045145e+06  2.58740908e-12 
 3.98107171e+06  2.58640051e-12 
 4.07380278e+06  2.58540664e-12 
 4.16869383e+06  2.58442677e-12 
 4.26579519e+06  2.58346020e-12 
 4.36515832e+06  2.58250626e-12 
 4.46683592e+06  2.58156423e-12 
 4.57088190e+06  2.58063340e-12 
 4.67735141e+06  2.57971309e-12 
 4.78630092e+06  2.57880256e-12 
 4.89778819e+06  2.57790111e-12 
 5.01187234e+06  2.57700800e-12 
 5.12861384e+06  2.57612251e-12 
 5.24807460e+06  2.57524388e-12 
 5.37031796e+06  2.57437137e-12 
 5.49540874e+06  2.57350421e-12 
 5.62341325e+06  2.57264163e-12 
 5.75439937e+06  2.57178284e-12 
 5.88843655e+06  2.57092704e-12 
 6.02559586e+06  2.57007342e-12 
 6.16595002e+06  2.56922115e-12 
 6.30957344e+06  2.56836937e-12 
 6.45654229e+06  2.56751724e-12 
 6.60693448e+06  2.56666385e-12 
 6.76082975e+06  2.56580832e-12 
 6.91830971e+06  2.56494972e-12 
 7.07945784e+06  2.56408710e-12 
 7.24435960e+06  2.56321951e-12 
 7.41310241e+06  2.56234593e-12 
 7.58577575e+06  2.56146536e-12 
 7.76247117e+06  2.56057675e-12 
 7.94328235e+06  2.55967902e-12 
 8.12830516e+06  2.55877108e-12 
 8.31763771e+06  2.55785179e-12 
 8.51138038e+06  2.55691998e-12 
 8.70963590e+06  2.55597444e-12 
 8.91250938e+06  2.55501396e-12 
 9.12010839e+06  2.55403724e-12 
 9.33254301e+06  2.55304298e-12 
 9.54992586e+06  2.55202983e-12 
 9.77237221e+06  2.55099640e-12 
 1.00000000e+07  2.54994125e-12 
 1.02329299e+07  2.54886290e-12 
 1.04712855e+07  2.54775984e-12 
 1.07151931e+07  2.54663048e-12 
 1.09647820e+07  2.54547322e-12 
 1.12201845e+07  2.54428637e-12 
 1.14815362e+07  2.54306823e-12 
 1.17489755e+07  2.54181702e-12 
 1.20226443e+07  2.54053092e-12 
 1.23026877e+07  2.53920803e-12 
 1.25892541e+07  2.53784644e-12 
 1.28824955e+07  2.53644414e-12 
 1.31825674e+07  2.53499909e-12 
 1.34896288e+07  2.53350917e-12 
 1.38038426e+07  2.53197223e-12 
 1.41253754e+07  2.53038602e-12 
 1.44543977e+07  2.52874826e-12 
 1.47910839e+07  2.52705661e-12 
 1.51356125e+07  2.52530866e-12 
 1.54881662e+07  2.52350195e-12 
 1.58489319e+07  2.52163393e-12 
 1.62181010e+07  2.51970204e-12 
 1.65958691e+07  2.51770364e-12 
 1.69824365e+07  2.51563602e-12 
 1.73780083e+07  2.51349644e-12 
 1.77827941e+07  2.51128209e-12 
 1.81970086e+07  2.50899013e-12 
 1.86208714e+07  2.50661767e-12 
 1.90546072e+07  2.50416176e-12 
 1.94984460e+07  2.50161944e-12 
 1.99526231e+07  2.49898770e-12 
 2.04173794e+07  2.49626350e-12 
 2.08929613e+07  2.49344379e-12 
 2.13796209e+07  2.49052550e-12 
 2.18776162e+07  2.48750555e-12 
 2.23872114e+07  2.48438086e-12 
 2.29086765e+07  2.48114836e-12 
 2.34422882e+07  2.47780499e-12 
 2.39883292e+07  2.47434773e-12 
 2.45470892e+07  2.47077359e-12 
 2.51188643e+07  2.46707964e-12 
 2.57039578e+07  2.46326299e-12 
 2.63026799e+07  2.45932085e-12 
 2.69153480e+07  2.45525049e-12 
 2.75422870e+07  2.45104932e-12 
 2.81838293e+07  2.44671484e-12 
 2.88403150e+07  2.44224468e-12 
 2.95120923e+07  2.43763665e-12 
 3.01995172e+07  2.43288870e-12 
 3.09029543e+07  2.42799897e-12 
 3.16227766e+07  2.42296581e-12 
 3.23593657e+07  2.41778778e-12 
 3.31131121e+07  2.41246369e-12 
 3.38844156e+07  2.40699259e-12 
 3.46736850e+07  2.40137381e-12 
 3.54813389e+07  2.39560699e-12 
 3.63078055e+07  2.38969205e-12 
 3.71535229e+07  2.38362925e-12 
 3.80189396e+07  2.37741920e-12 
 3.89045145e+07  2.37106286e-12 
 3.98107171e+07  2.36456157e-12 
 4.07380278e+07  2.35791703e-12 
 4.16869383e+07  2.35113137e-12 
 4.26579519e+07  2.34420711e-12 
 4.36515832e+07  2.33714718e-12 
 4.46683592e+07  2.32995495e-12 
 4.57088190e+07  2.32263420e-12 
 4.67735141e+07  2.31518914e-12 
 4.78630092e+07  2.30762441e-12 
 4.89778819e+07  2.29994507e-12 
 5.01187234e+07  2.29215660e-12 
 5.12861384e+07  2.28426489e-12 
 5.24807460e+07  2.27627623e-12 
 5.37031796e+07  2.26819730e-12 
 5.49540874e+07  2.26003512e-12 
 5.62341325e+07  2.25179710e-12 
 5.75439937e+07  2.24349095e-12 
 5.88843655e+07  2.23512469e-12 
 6.02559586e+07  2.22670662e-12 
 6.16595002e+07  2.21824529e-12 
 6.30957344e+07  2.20974946e-12 
 6.45654229e+07  2.20122809e-12 
 6.60693448e+07  2.19269027e-12 
 6.76082975e+07  2.18414524e-12 
 6.91830971e+07  2.17560230e-12 
 7.07945784e+07  2.16707079e-12 
 7.24435960e+07  2.15856009e-12 
 7.41310241e+07  2.15007952e-12 
 7.58577575e+07  2.14163838e-12 
 7.76247117e+07  2.13324583e-12 
 7.94328235e+07  2.12491093e-12 
 8.12830516e+07  2.11664257e-12 
 8.31763771e+07  2.10844945e-12 
 8.51138038e+07  2.10034004e-12 
 8.70963590e+07  2.09232256e-12 
 8.91250938e+07  2.08440497e-12 
 9.12010839e+07  2.07659492e-12 
 9.33254301e+07  2.06889975e-12 
 9.54992586e+07  2.06132645e-12 
 9.77237221e+07  2.05388168e-12 
 1.00000000e+08  2.04657174e-12 
