 1.00000000e+06  2.20618454e-12 
 1.02329299e+06  2.20523764e-12 
 1.04712855e+06  2.20431167e-12 
 1.07151931e+06  2.20340616e-12 
 1.09647820e+06  2.20252064e-12 
 1.12201845e+06  2.20165467e-12 
 1.14815362e+06  2.20080780e-12 
 1.17489755e+06  2.19997959e-12 
 1.20226443e+06  2.19916963e-12 
 1.23026877e+06  2.19837749e-12 
 1.25892541e+06  2.19760277e-12 
 1.28824955e+06  2.19684506e-12 
 1.31825674e+06  2.19610397e-12 
 1.34896288e+06  2.19537912e-12 
 1.38038426e+06  2.19467012e-12 
 1.41253754e+06  2.19397661e-12 
 1.44543977e+06  2.19329822e-12 
 1.47910839e+06  2.19263460e-12 
 1.51356125e+06  2.19198539e-12 
 1.54881662e+06  2.19135025e-12 
 1.58489319e+06  2.19072885e-12 
 1.62181010e+06  2.19012085e-12 
 1.65958691e+06  2.18952593e-12 
 1.69824365e+06  2.18894377e-12 
 1.73780083e+06  2.18837404e-12 
 1.77827941e+06  2.18781646e-12 
 1.81970086e+06  2.18727070e-12 
 1.86208714e+06  2.18673648e-12 
 1.90546072e+06  2.18621350e-12 
 1.94984460e+06  2.18570147e-12 
 1.99526231e+06  2.18520011e-12 
 2.04173794e+06  2.18470913e-12 
 2.08929613e+06  2.18422827e-12 
 2.13796209e+06  2.18375724e-12 
 2.18776162e+06  2.18329579e-12 
 2.23872114e+06  2.18284364e-12 
 2.29086765e+06  2.18240054e-12 
 2.34422882e+06  2.18196623e-12 
 2.39883292e+06  2.18154046e-12 
 2.45470892e+06  2.18112297e-12 
 2.51188643e+06  2.18071351e-12 
 2.57039578e+06  2.18031185e-12 
 2.63026799e+06  2.17991772e-12 
 2.69153480e+06  2.17953090e-12 
 2.75422870e+06  2.17915115e-12 
 2.81838293e+06  2.17877821e-12 
 2.88403150e+06  2.17841187e-12 
 2.95120923e+06  2.17805188e-12 
 3.01995172e+06  2.17769801e-12 
 3.09029543e+06  2.17735002e-12 
 3.16227766e+06  2.17700769e-12 
 3.23593657e+06  2.17667079e-12 
 3.31131121e+06  2.17633907e-12 
 3.38844156e+06  2.17601231e-12 
 3.46736850e+06  2.17569028e-12 
 3.54813389e+06  2.17537274e-12 
 3.63078055e+06  2.17505947e-12 
 3.71535229e+06  2.17475023e-12 
 3.80189396e+06  2.17444478e-12 
 3.89045145e+06  2.17414289e-12 
 3.98107171e+06  2.17384432e-12 
 4.07380278e+06  2.17354883e-12 
 4.16869383e+06  2.17325618e-12 
 4.26579519e+06  2.17296612e-12 
 4.36515832e+06  2.17267841e-12 
 4.46683592e+06  2.17239279e-12 
 4.57088190e+06  2.17210902e-12 
 4.67735141e+06  2.17182683e-12 
 4.78630092e+06  2.17154596e-12 
 4.89778819e+06  2.17126615e-12 
 5.01187234e+06  2.17098712e-12 
 5.12861384e+06  2.17070859e-12 
 5.24807460e+06  2.17043030e-12 
 5.37031796e+06  2.17015194e-12 
 5.49540874e+06  2.16987323e-12 
 5.62341325e+06  2.16959386e-12 
 5.75439937e+06  2.16931352e-12 
 5.88843655e+06  2.16903190e-12 
 6.02559586e+06  2.16874868e-12 
 6.16595002e+06  2.16846352e-12 
 6.30957344e+06  2.16817608e-12 
 6.45654229e+06  2.16788602e-12 
 6.60693448e+06  2.16759296e-12 
 6.76082975e+06  2.16729654e-12 
 6.91830971e+06  2.16699638e-12 
 7.07945784e+06  2.16669209e-12 
 7.24435960e+06  2.16638325e-12 
 7.41310241e+06  2.16606946e-12 
 7.58577575e+06  2.16575027e-12 
 7.76247117e+06  2.16542524e-12 
 7.94328235e+06  2.16509392e-12 
 8.12830516e+06  2.16475583e-12 
 8.31763771e+06  2.16441047e-12 
 8.51138038e+06  2.16405735e-12 
 8.70963590e+06  2.16369594e-12 
 8.91250938e+06  2.16332569e-12 
 9.12010839e+06  2.16294605e-12 
 9.33254301e+06  2.16255644e-12 
 9.54992586e+06  2.16215626e-12 
 9.77237221e+06  2.16174490e-12 
 1.00000000e+07  2.16132171e-12 
 1.02329299e+07  2.16088604e-12 
 1.04712855e+07  2.16043719e-12 
 1.07151931e+07  2.15997447e-12 
 1.09647820e+07  2.15949715e-12 
 1.12201845e+07  2.15900447e-12 
 1.14815362e+07  2.15849566e-12 
 1.17489755e+07  2.15796991e-12 
 1.20226443e+07  2.15742639e-12 
 1.23026877e+07  2.15686424e-12 
 1.25892541e+07  2.15628259e-12 
 1.28824955e+07  2.15568053e-12 
 1.31825674e+07  2.15505710e-12 
 1.34896288e+07  2.15441136e-12 
 1.38038426e+07  2.15374231e-12 
 1.41253754e+07  2.15304891e-12 
 1.44543977e+07  2.15233013e-12 
 1.47910839e+07  2.15158488e-12 
 1.51356125e+07  2.15081205e-12 
 1.54881662e+07  2.15001051e-12 
 1.58489319e+07  2.14917909e-12 
 1.62181010e+07  2.14831660e-12 
 1.65958691e+07  2.14742181e-12 
 1.69824365e+07  2.14649350e-12 
 1.73780083e+07  2.14553038e-12 
 1.77827941e+07  2.14453116e-12 
 1.81970086e+07  2.14349453e-12 
 1.86208714e+07  2.14241915e-12 
 1.90546072e+07  2.14130366e-12 
 1.94984460e+07  2.14014670e-12 
 1.99526231e+07  2.13894688e-12 
 2.04173794e+07  2.13770279e-12 
 2.08929613e+07  2.13641303e-12 
 2.13796209e+07  2.13507620e-12 
 2.18776162e+07  2.13369088e-12 
 2.23872114e+07  2.13225565e-12 
 2.29086765e+07  2.13076912e-12 
 2.34422882e+07  2.12922990e-12 
 2.39883292e+07  2.12763661e-12 
 2.45470892e+07  2.12598789e-12 
 2.51188643e+07  2.12428243e-12 
 2.57039578e+07  2.12251894e-12 
 2.63026799e+07  2.12069617e-12 
 2.69153480e+07  2.11881293e-12 
 2.75422870e+07  2.11686807e-12 
 2.81838293e+07  2.11486052e-12 
 2.88403150e+07  2.11278928e-12 
 2.95120923e+07  2.11065343e-12 
 3.01995172e+07  2.10845213e-12 
 3.09029543e+07  2.10618466e-12 
 3.16227766e+07  2.10385039e-12 
 3.23593657e+07  2.10144883e-12 
 3.31131121e+07  2.09897961e-12 
 3.38844156e+07  2.09644249e-12 
 3.46736850e+07  2.09383739e-12 
 3.54813389e+07  2.09116439e-12 
 3.63078055e+07  2.08842375e-12 
 3.71535229e+07  2.08561587e-12 
 3.80189396e+07  2.08274140e-12 
 3.89045145e+07  2.07980113e-12 
 3.98107171e+07  2.07679609e-12 
 4.07380278e+07  2.07372752e-12 
 4.16869383e+07  2.07059687e-12 
 4.26579519e+07  2.06740583e-12 
 4.36515832e+07  2.06415633e-12 
 4.46683592e+07  2.06085053e-12 
 4.57088190e+07  2.05749083e-12 
 4.67735141e+07  2.05407990e-12 
 4.78630092e+07  2.05062062e-12 
 4.89778819e+07  2.04711615e-12 
 5.01187234e+07  2.04356990e-12 
 5.12861384e+07  2.03998549e-12 
 5.24807460e+07  2.03636682e-12 
 5.37031796e+07  2.03271800e-12 
 5.49540874e+07  2.02904339e-12 
 5.62341325e+07  2.02534755e-12 
 5.75439937e+07  2.02163528e-12 
 5.88843655e+07  2.01791155e-12 
 6.02559586e+07  2.01418154e-12 
 6.16595002e+07  2.01045060e-12 
 6.30957344e+07  2.00672425e-12 
 6.45654229e+07  2.00300815e-12 
 6.60693448e+07  1.99930809e-12 
 6.76082975e+07  1.99562997e-12 
 6.91830971e+07  1.99197981e-12 
 7.07945784e+07  1.98836369e-12 
 7.24435960e+07  1.98478777e-12 
 7.41310241e+07  1.98125822e-12 
 7.58577575e+07  1.97778129e-12 
 7.76247117e+07  1.97436319e-12 
 7.94328235e+07  1.97101015e-12 
 8.12830516e+07  1.96772839e-12 
 8.31763771e+07  1.96452406e-12 
 8.51138038e+07  1.96140328e-12 
 8.70963590e+07  1.95837210e-12 
 8.91250938e+07  1.95543648e-12 
 9.12010839e+07  1.95260231e-12 
 9.33254301e+07  1.94987536e-12 
 9.54992586e+07  1.94726131e-12 
 9.77237221e+07  1.94476572e-12 
 1.00000000e+08  1.94239401e-12 
