 0.00000000e+00  0.00000000e+00 
 1.00000000e-06  4.21577555e-01 
 2.00000000e-06  4.52574439e-01 
 3.00000000e-06  4.73195214e-01 
 4.00000000e-06  4.89090851e-01 
 5.00000000e-06  5.02365039e-01 
 6.00000000e-06  5.13862805e-01 
 7.00000000e-06  5.24071921e-01 
 8.00000000e-06  5.33747797e-01 
 9.00000000e-06  5.42067370e-01 
 1.00000000e-05  5.49831044e-01 
 1.10000000e-05  5.57076320e-01 
 1.20000000e-05  5.63885190e-01 
 1.30000000e-05  5.70317673e-01 
 1.40000000e-05  5.76422114e-01 
 1.50000000e-05  5.82237817e-01 
 1.60000000e-05  5.87797206e-01 
 1.70000000e-05  5.93127361e-01 
 1.80000000e-05  5.98251146e-01 
 1.90000000e-05  6.03188052e-01 
 2.00000000e-05  6.07954838e-01 
 2.10000000e-05  6.12566027e-01 
 2.20000000e-05  6.17034293e-01 
 2.30000000e-05  6.21370765e-01 
 2.40000000e-05  6.25585273e-01 
 2.50000000e-05  6.29686549e-01 
 2.60000000e-05  6.33682381e-01 
 2.70000000e-05  6.37579753e-01 
 2.80000000e-05  6.41384950e-01 
 2.90000000e-05  6.45103651e-01 
 3.00000000e-05  6.48741007e-01 
 3.10000000e-05  6.52301704e-01 
 3.20000000e-05  6.55790018e-01 
 3.30000000e-05  6.59209865e-01 
 3.40000000e-05  6.62564839e-01 
 3.50000000e-05  6.65858247e-01 
 3.60000000e-05  6.69093141e-01 
 3.70000000e-05  6.72272341e-01 
 3.80000000e-05  6.75398463e-01 
 3.90000000e-05  6.78473934e-01 
 4.00000000e-05  6.81501013e-01 
 4.10000000e-05  6.84481805e-01 
 4.20000000e-05  6.87418275e-01 
 4.30000000e-05  6.90312264e-01 
 4.40000000e-05  6.93165493e-01 
 4.50000000e-05  6.95979578e-01 
 4.60000000e-05  6.98756037e-01 
 4.70000000e-05  7.01496300e-01 
 4.80000000e-05  7.04201712e-01 
 4.90000000e-05  7.06873544e-01 
 5.00000000e-05  7.09512993e-01 
 5.10000000e-05  7.12121195e-01 
 5.20000000e-05  7.14699222e-01 
 5.30000000e-05  7.17248092e-01 
 5.40000000e-05  7.19768770e-01 
 5.50000000e-05  7.22262172e-01 
 5.60000000e-05  7.24729170e-01 
 5.70000000e-05  7.27170591e-01 
 5.80000000e-05  7.29587225e-01 
 5.90000000e-05  7.31979824e-01 
 6.00000000e-05  7.34349105e-01 
 6.10000000e-05  7.36695753e-01 
 6.20000000e-05  7.39020422e-01 
 6.30000000e-05  7.41323738e-01 
 6.40000000e-05  7.43606299e-01 
 6.50000000e-05  7.45868677e-01 
 6.60000000e-05  7.48111421e-01 
 6.70000000e-05  7.50335059e-01 
 6.80000000e-05  7.52540094e-01 
 6.90000000e-05  7.54727011e-01 
 7.00000000e-05  7.56896275e-01 
 7.10000000e-05  7.59048334e-01 
 7.20000000e-05  7.61183618e-01 
 7.30000000e-05  7.63302541e-01 
 7.40000000e-05  7.65405501e-01 
 7.50000000e-05  7.67492881e-01 
 7.60000000e-05  7.69565052e-01 
 7.70000000e-05  7.71622370e-01 
 7.80000000e-05  7.73665179e-01 
 7.90000000e-05  7.75693810e-01 
 8.00000000e-05  7.77708584e-01 
 8.10000000e-05  7.79709811e-01 
 8.20000000e-05  7.81697789e-01 
 8.30000000e-05  7.83672807e-01 
 8.40000000e-05  7.85635145e-01 
 8.50000000e-05  7.87585074e-01 
 8.60000000e-05  7.89522854e-01 
 8.70000000e-05  7.91448741e-01 
 8.80000000e-05  7.93362978e-01 
 8.90000000e-05  7.95265805e-01 
 9.00000000e-05  7.97157451e-01 
 9.10000000e-05  7.99038141e-01 
 9.20000000e-05  8.00908091e-01 
 9.30000000e-05  8.02767511e-01 
 9.40000000e-05  8.04616606e-01 
 9.50000000e-05  8.06455575e-01 
 9.60000000e-05  8.08284609e-01 
 9.70000000e-05  8.10103897e-01 
 9.80000000e-05  8.11913619e-01 
 9.90000000e-05  8.13713953e-01 
 1.00000000e-04  8.15505071e-01 
 1.01000000e-04  8.17287140e-01 
 1.02000000e-04  8.19060322e-01 
 1.03000000e-04  8.20824777e-01 
 1.04000000e-04  8.22580657e-01 
 1.05000000e-04  8.24328114e-01 
 1.06000000e-04  8.26067293e-01 
 1.07000000e-04  8.27798336e-01 
 1.08000000e-04  8.29521384e-01 
 1.09000000e-04  8.31236570e-01 
 1.10000000e-04  8.32944027e-01 
 1.11000000e-04  8.34643883e-01 
 1.12000000e-04  8.36336263e-01 
 1.13000000e-04  8.38021291e-01 
 1.14000000e-04  8.39699085e-01 
 1.15000000e-04  8.41369762e-01 
 1.16000000e-04  8.43033435e-01 
 1.17000000e-04  8.44690217e-01 
 1.18000000e-04  8.46340214e-01 
 1.19000000e-04  8.47983534e-01 
 1.20000000e-04  8.49620279e-01 
 1.21000000e-04  8.51250551e-01 
 1.22000000e-04  8.52874448e-01 
 1.23000000e-04  8.54492068e-01 
 1.24000000e-04  8.56103505e-01 
 1.25000000e-04  8.57708850e-01 
 1.26000000e-04  8.59308195e-01 
 1.27000000e-04  8.60901628e-01 
 1.28000000e-04  8.62489236e-01 
 1.29000000e-04  8.64071102e-01 
 1.30000000e-04  8.65647310e-01 
 1.31000000e-04  8.67217942e-01 
 1.32000000e-04  8.68783075e-01 
 1.33000000e-04  8.70342789e-01 
 1.34000000e-04  8.71897159e-01 
 1.35000000e-04  8.73446259e-01 
 1.36000000e-04  8.74990164e-01 
 1.37000000e-04  8.76528944e-01 
 1.38000000e-04  8.78062669e-01 
 1.39000000e-04  8.79591409e-01 
 1.40000000e-04  8.81115231e-01 
 1.41000000e-04  8.82634201e-01 
 1.42000000e-04  8.84148383e-01 
 1.43000000e-04  8.85657842e-01 
 1.44000000e-04  8.87162639e-01 
 1.45000000e-04  8.88662836e-01 
 1.46000000e-04  8.90158492e-01 
 1.47000000e-04  8.91649667e-01 
 1.48000000e-04  8.93136418e-01 
 1.49000000e-04  8.94618802e-01 
 1.50000000e-04  8.96096874e-01 
 1.51000000e-04  8.97570690e-01 
 1.52000000e-04  8.99040302e-01 
 1.53000000e-04  9.00505764e-01 
 1.54000000e-04  9.01967126e-01 
 1.55000000e-04  9.03424441e-01 
 1.56000000e-04  9.04877757e-01 
 1.57000000e-04  9.06327124e-01 
 1.58000000e-04  9.07772589e-01 
 1.59000000e-04  9.09214201e-01 
 1.60000000e-04  9.10652005e-01 
 1.61000000e-04  9.12086048e-01 
 1.62000000e-04  9.13516373e-01 
 1.63000000e-04  9.14943026e-01 
 1.64000000e-04  9.16366050e-01 
 1.65000000e-04  9.17785486e-01 
 1.66000000e-04  9.19201378e-01 
 1.67000000e-04  9.20613767e-01 
 1.68000000e-04  9.22022692e-01 
 1.69000000e-04  9.23428194e-01 
 1.70000000e-04  9.24830313e-01 
 1.71000000e-04  9.26229086e-01 
 1.72000000e-04  9.27624552e-01 
 1.73000000e-04  9.29016748e-01 
 1.74000000e-04  9.30405711e-01 
 1.75000000e-04  9.31791477e-01 
 1.76000000e-04  9.33174082e-01 
 1.77000000e-04  9.34553561e-01 
 1.78000000e-04  9.35929948e-01 
 1.79000000e-04  9.37303277e-01 
 1.80000000e-04  9.38673582e-01 
 1.81000000e-04  9.40040895e-01 
 1.82000000e-04  9.41405250e-01 
 1.83000000e-04  9.42766677e-01 
 1.84000000e-04  9.44125210e-01 
 1.85000000e-04  9.45480877e-01 
 1.86000000e-04  9.46833711e-01 
 1.87000000e-04  9.48183741e-01 
 1.88000000e-04  9.49530997e-01 
 1.89000000e-04  9.50875507e-01 
 1.90000000e-04  9.52217302e-01 
 1.91000000e-04  9.53556408e-01 
 1.92000000e-04  9.54892854e-01 
 1.93000000e-04  9.56226668e-01 
 1.94000000e-04  9.57557877e-01 
 1.95000000e-04  9.58886506e-01 
 1.96000000e-04  9.60212584e-01 
 1.97000000e-04  9.61536136e-01 
 1.98000000e-04  9.62857187e-01 
 1.99000000e-04  9.64175762e-01 
 2.00000000e-04  9.65491887e-01 
 2.01000000e-04  9.66805587e-01 
 2.02000000e-04  9.68116884e-01 
 2.03000000e-04  9.69425804e-01 
 2.04000000e-04  9.70732370e-01 
 2.05000000e-04  9.72036605e-01 
 2.06000000e-04  9.73338533e-01 
 2.07000000e-04  9.74638174e-01 
 2.08000000e-04  9.75935553e-01 
 2.09000000e-04  9.77230691e-01 
 2.10000000e-04  9.78523610e-01 
 2.11000000e-04  9.79814331e-01 
 2.12000000e-04  9.81102876e-01 
 2.13000000e-04  9.82389265e-01 
 2.14000000e-04  9.83673518e-01 
 2.15000000e-04  9.84955657e-01 
 2.16000000e-04  9.86235702e-01 
 2.17000000e-04  9.87513671e-01 
 2.18000000e-04  9.88789586e-01 
 2.19000000e-04  9.90063464e-01 
 2.20000000e-04  9.91335326e-01 
 2.21000000e-04  9.92605189e-01 
 2.22000000e-04  9.93873074e-01 
 2.23000000e-04  9.95138997e-01 
 2.24000000e-04  9.96402977e-01 
 2.25000000e-04  9.97665032e-01 
 2.26000000e-04  9.98925180e-01 
 2.27000000e-04  1.00018344e+00 
 2.28000000e-04  1.00143982e+00 
 2.29000000e-04  1.00269435e+00 
 2.30000000e-04  1.00394705e+00 
 2.31000000e-04  1.00519792e+00 
 2.32000000e-04  1.00644698e+00 
 2.33000000e-04  1.00769425e+00 
 2.34000000e-04  1.00893975e+00 
 2.35000000e-04  1.01018350e+00 
 2.36000000e-04  1.01142550e+00 
 2.37000000e-04  1.01266577e+00 
 2.38000000e-04  1.01390434e+00 
 2.39000000e-04  1.01514121e+00 
 2.40000000e-04  1.01637639e+00 
 2.41000000e-04  1.01760992e+00 
 2.42000000e-04  1.01884178e+00 
 2.43000000e-04  1.02007202e+00 
 2.44000000e-04  1.02130063e+00 
 2.45000000e-04  1.02252763e+00 
 2.46000000e-04  1.02375303e+00 
 2.47000000e-04  1.02497686e+00 
 2.48000000e-04  1.02619911e+00 
 2.49000000e-04  1.02741981e+00 
 2.50000000e-04  1.02863898e+00 
 2.51000000e-04  1.02985661e+00 
 2.52000000e-04  1.03107273e+00 
 2.53000000e-04  1.03228735e+00 
 2.54000000e-04  1.03350048e+00 
 2.55000000e-04  1.03471213e+00 
 2.56000000e-04  1.03592232e+00 
 2.57000000e-04  1.03713105e+00 
 2.58000000e-04  1.03833835e+00 
 2.59000000e-04  1.03954422e+00 
 2.60000000e-04  1.04074868e+00 
 2.61000000e-04  1.04195173e+00 
 2.62000000e-04  1.04315339e+00 
 2.63000000e-04  1.04435366e+00 
 2.64000000e-04  1.04555257e+00 
 2.65000000e-04  1.04675012e+00 
 2.66000000e-04  1.04794633e+00 
 2.67000000e-04  1.04914120e+00 
 2.68000000e-04  1.05033474e+00 
 2.69000000e-04  1.05152697e+00 
 2.70000000e-04  1.05271790e+00 
 2.71000000e-04  1.05390754e+00 
 2.72000000e-04  1.05509589e+00 
 2.73000000e-04  1.05628297e+00 
 2.74000000e-04  1.05746879e+00 
 2.75000000e-04  1.05865336e+00 
 2.76000000e-04  1.05983669e+00 
 2.77000000e-04  1.06101879e+00 
 2.78000000e-04  1.06219966e+00 
 2.79000000e-04  1.06337933e+00 
 2.80000000e-04  1.06455779e+00 
 2.81000000e-04  1.06573506e+00 
 2.82000000e-04  1.06691115e+00 
 2.83000000e-04  1.06808606e+00 
 2.84000000e-04  1.06925981e+00 
 2.85000000e-04  1.07043241e+00 
 2.86000000e-04  1.07160385e+00 
 2.87000000e-04  1.07277417e+00 
 2.88000000e-04  1.07394335e+00 
 2.89000000e-04  1.07511142e+00 
 2.90000000e-04  1.07627837e+00 
 2.91000000e-04  1.07744422e+00 
 2.92000000e-04  1.07860898e+00 
 2.93000000e-04  1.07977266e+00 
 2.94000000e-04  1.08093526e+00 
 2.95000000e-04  1.08209679e+00 
 2.96000000e-04  1.08325726e+00 
 2.97000000e-04  1.08441668e+00 
 2.98000000e-04  1.08557506e+00 
 2.99000000e-04  1.08673240e+00 
 3.00000000e-04  1.08788872e+00 
 3.01000000e-04  1.08904401e+00 
 3.02000000e-04  1.09019829e+00 
 3.03000000e-04  1.09135157e+00 
 3.04000000e-04  1.09250385e+00 
 3.05000000e-04  1.09365515e+00 
 3.06000000e-04  1.09480546e+00 
 3.07000000e-04  1.09595480e+00 
 3.08000000e-04  1.09710317e+00 
 3.09000000e-04  1.09825059e+00 
 3.10000000e-04  1.09939705e+00 
 3.11000000e-04  1.10054256e+00 
 3.12000000e-04  1.10168714e+00 
 3.13000000e-04  1.10283079e+00 
 3.14000000e-04  1.10397352e+00 
 3.15000000e-04  1.10511533e+00 
 3.16000000e-04  1.10625622e+00 
 3.17000000e-04  1.10739622e+00 
 3.18000000e-04  1.10853532e+00 
 3.19000000e-04  1.10967353e+00 
 3.20000000e-04  1.11081085e+00 
 3.21000000e-04  1.11194730e+00 
 3.22000000e-04  1.11308288e+00 
 3.23000000e-04  1.11421760e+00 
 3.24000000e-04  1.11535146e+00 
 3.25000000e-04  1.11648447e+00 
 3.26000000e-04  1.11761663e+00 
 3.27000000e-04  1.11874795e+00 
 3.28000000e-04  1.11987845e+00 
 3.29000000e-04  1.12100811e+00 
 3.30000000e-04  1.12213696e+00 
 3.31000000e-04  1.12326499e+00 
 3.32000000e-04  1.12439222e+00 
 3.33000000e-04  1.12551864e+00 
 3.34000000e-04  1.12664427e+00 
 3.35000000e-04  1.12776910e+00 
 3.36000000e-04  1.12889315e+00 
 3.37000000e-04  1.13001642e+00 
 3.38000000e-04  1.13113892e+00 
 3.39000000e-04  1.13226065e+00 
 3.40000000e-04  1.13338162e+00 
 3.41000000e-04  1.13450183e+00 
 3.42000000e-04  1.13562129e+00 
 3.43000000e-04  1.13674000e+00 
 3.44000000e-04  1.13785797e+00 
 3.45000000e-04  1.13897521e+00 
 3.46000000e-04  1.14009172e+00 
 3.47000000e-04  1.14120750e+00 
 3.48000000e-04  1.14232257e+00 
 3.49000000e-04  1.14343691e+00 
 3.50000000e-04  1.14455055e+00 
 3.51000000e-04  1.14566349e+00 
 3.52000000e-04  1.14677573e+00 
 3.53000000e-04  1.14788727e+00 
 3.54000000e-04  1.14899812e+00 
 3.55000000e-04  1.15010829e+00 
 3.56000000e-04  1.15121778e+00 
 3.57000000e-04  1.15232659e+00 
 3.58000000e-04  1.15343474e+00 
 3.59000000e-04  1.15454222e+00 
 3.60000000e-04  1.15564904e+00 
 3.61000000e-04  1.15675520e+00 
 3.62000000e-04  1.15786072e+00 
 3.63000000e-04  1.15896558e+00 
 3.64000000e-04  1.16006981e+00 
 3.65000000e-04  1.16117339e+00 
 3.66000000e-04  1.16227635e+00 
 3.67000000e-04  1.16337867e+00 
 3.68000000e-04  1.16448038e+00 
 3.69000000e-04  1.16558146e+00 
 3.70000000e-04  1.16668193e+00 
 3.71000000e-04  1.16778178e+00 
 3.72000000e-04  1.16888103e+00 
 3.73000000e-04  1.16997968e+00 
 3.74000000e-04  1.17107773e+00 
 3.75000000e-04  1.17217518e+00 
 3.76000000e-04  1.17327205e+00 
 3.77000000e-04  1.17436833e+00 
 3.78000000e-04  1.17546403e+00 
 3.79000000e-04  1.17655915e+00 
 3.80000000e-04  1.17765370e+00 
 3.81000000e-04  1.17874768e+00 
 3.82000000e-04  1.17984109e+00 
 3.83000000e-04  1.18093394e+00 
 3.84000000e-04  1.18202623e+00 
 3.85000000e-04  1.18311797e+00 
 3.86000000e-04  1.18420916e+00 
 3.87000000e-04  1.18529981e+00 
 3.88000000e-04  1.18638991e+00 
 3.89000000e-04  1.18747947e+00 
 3.90000000e-04  1.18856850e+00 
 3.91000000e-04  1.18965700e+00 
 3.92000000e-04  1.19074497e+00 
 3.93000000e-04  1.19183242e+00 
 3.94000000e-04  1.19291934e+00 
 3.95000000e-04  1.19400575e+00 
 3.96000000e-04  1.19509165e+00 
 3.97000000e-04  1.19617704e+00 
 3.98000000e-04  1.19726192e+00 
 3.99000000e-04  1.19834630e+00 
 4.00000000e-04  1.19943018e+00 
 4.01000000e-04  1.20051357e+00 
 4.02000000e-04  1.20159646e+00 
 4.03000000e-04  1.20267887e+00 
 4.04000000e-04  1.20376079e+00 
 4.05000000e-04  1.20484222e+00 
 4.06000000e-04  1.20592318e+00 
 4.07000000e-04  1.20700367e+00 
 4.08000000e-04  1.20808368e+00 
 4.09000000e-04  1.20916323e+00 
 4.10000000e-04  1.21024231e+00 
 4.11000000e-04  1.21132092e+00 
 4.12000000e-04  1.21239908e+00 
 4.13000000e-04  1.21347678e+00 
 4.14000000e-04  1.21455403e+00 
 4.15000000e-04  1.21563083e+00 
 4.16000000e-04  1.21670719e+00 
 4.17000000e-04  1.21778310e+00 
 4.18000000e-04  1.21885857e+00 
 4.19000000e-04  1.21993360e+00 
 4.20000000e-04  1.22100820e+00 
 4.21000000e-04  1.22208237e+00 
 4.22000000e-04  1.22315610e+00 
 4.23000000e-04  1.22422942e+00 
 4.24000000e-04  1.22530231e+00 
 4.25000000e-04  1.22637478e+00 
 4.26000000e-04  1.22744684e+00 
 4.27000000e-04  1.22851848e+00 
 4.28000000e-04  1.22958971e+00 
 4.29000000e-04  1.23066053e+00 
 4.30000000e-04  1.23173095e+00 
 4.31000000e-04  1.23280096e+00 
 4.32000000e-04  1.23387058e+00 
 4.33000000e-04  1.23493980e+00 
 4.34000000e-04  1.23600862e+00 
 4.35000000e-04  1.23707706e+00 
 4.36000000e-04  1.23814510e+00 
 4.37000000e-04  1.23921276e+00 
 4.38000000e-04  1.24028004e+00 
 4.39000000e-04  1.24134693e+00 
 4.40000000e-04  1.24241345e+00 
 4.41000000e-04  1.24347959e+00 
 4.42000000e-04  1.24454536e+00 
 4.43000000e-04  1.24561075e+00 
 4.44000000e-04  1.24667578e+00 
 4.45000000e-04  1.24774045e+00 
 4.46000000e-04  1.24880475e+00 
 4.47000000e-04  1.24986870e+00 
 4.48000000e-04  1.25093228e+00 
 4.49000000e-04  1.25199551e+00 
 4.50000000e-04  1.25305839e+00 
 4.51000000e-04  1.25412091e+00 
 4.52000000e-04  1.25518309e+00 
 4.53000000e-04  1.25624493e+00 
 4.54000000e-04  1.25730642e+00 
 4.55000000e-04  1.25836757e+00 
 4.56000000e-04  1.25942838e+00 
 4.57000000e-04  1.26048886e+00 
 4.58000000e-04  1.26154900e+00 
 4.59000000e-04  1.26260881e+00 
 4.60000000e-04  1.26366829e+00 
 4.61000000e-04  1.26472745e+00 
 4.62000000e-04  1.26578628e+00 
 4.63000000e-04  1.26684479e+00 
 4.64000000e-04  1.26790298e+00 
 4.65000000e-04  1.26896085e+00 
 4.66000000e-04  1.27001841e+00 
 4.67000000e-04  1.27107566e+00 
 4.68000000e-04  1.27213259e+00 
 4.69000000e-04  1.27318921e+00 
 4.70000000e-04  1.27424553e+00 
 4.71000000e-04  1.27530155e+00 
 4.72000000e-04  1.27635726e+00 
 4.73000000e-04  1.27741267e+00 
 4.74000000e-04  1.27846778e+00 
 4.75000000e-04  1.27952260e+00 
 4.76000000e-04  1.28057712e+00 
 4.77000000e-04  1.28163135e+00 
 4.78000000e-04  1.28268530e+00 
 4.79000000e-04  1.28373895e+00 
 4.80000000e-04  1.28479232e+00 
 4.81000000e-04  1.28584541e+00 
 4.82000000e-04  1.28689821e+00 
 4.83000000e-04  1.28795073e+00 
 4.84000000e-04  1.28900298e+00 
 4.85000000e-04  1.29005495e+00 
 4.86000000e-04  1.29110665e+00 
 4.87000000e-04  1.29215807e+00 
 4.88000000e-04  1.29320923e+00 
 4.89000000e-04  1.29426012e+00 
 4.90000000e-04  1.29531074e+00 
 4.91000000e-04  1.29636110e+00 
 4.92000000e-04  1.29741120e+00 
 4.93000000e-04  1.29846103e+00 
 4.94000000e-04  1.29951061e+00 
 4.95000000e-04  1.30055993e+00 
 4.96000000e-04  1.30160900e+00 
 4.97000000e-04  1.30265781e+00 
 4.98000000e-04  1.30370637e+00 
 4.99000000e-04  1.30475469e+00 
 5.00000000e-04  1.30580275e+00 
